5
5
3
50
0
0
12
12
2
12
12
0
12
12
2
12
12
0
12
12
2
12
12
0
12
12
2
12
12
0
12
12
2
12
12
0
12
12
2
12
12
0
12
12
2
12
12
0
12
12
2
12
12
0
12
12
2
12
12
0
12
12
2
12
12
0
12
12
2
12
12
0
12
12
2
12
12
0
12
12
2
12
12
0
12
12
2
12
12
0
12
12
2
12
12
0
12
12
2
12
12
0
12
12
2
12
12
12
12
2
12
1250
0
0
12
12
2
12
12
0
12
12
2
12
12
0
12
12
2
12
12
0
12
12
2
12
12
0
12
12
2
12
12
0
12
12
2
12
12
0
12
12
2
12
12
0
12
12
2
12
12
0
12
12
2
12
12
0
12
12
2
12
12
0
12
12
2
12
12
0
12
12
2
12
12
0
12
12
2
12
12
0
12
12
2
12
12
0
12
12
2
12
12
0
12
12
2
12
12
0
12
12
2
12
12
12
12
2
12
12